6
4
4
0
0
0
0
0
0
0
0
0
0
0
0
0
0
0
0
0
0
0
0
0
0
0
0
0
63
63
12
111
255
255
255
255
255
255
255
255
255
255
255
255
255
255
255
255
255
255
255
255
255
255
255
253
247
255
240
240
225
210
197
174
177
177
193
205
212
214
214
214
213
213
213
213
212
212
210
207
203
198
236
236
253
248
229
229
220
220
192
161
155
155
137
137
142
138
127
119
111
111
113
117
121
123
125
125
9
7
6
6
7
7
7
7
6
5
5
5
6
5
5
5
5
5
5
5
5
5
4
4
4
4
4
4
6
6
6
6
6
6
6
6
7
6
6
6
6
6
5
5
5
5
5
5
5
5
0
1
1
1
3
5
7
9
14
14
20
26
31
34
29
29
29
35
38
40
95
95
108
104
73
34
59
59
64
65
52
27
10
10
57
119
169
199
201
201
169
170
191
197
165
165
136
114
83
80
87
87
65
66
66
49
8
8
12
38
74
102
122
122
107
117
158
196
220
220
210
175
109
53
58
58
84
97
90
61
35
35
27
21
14
10
18
18
22
43
75
110
163
163
169
161
133
151
191
191
188
167
133
92
85
85
103
99
69
52
42
42
27
17
7
5
5
5
5
4
5
5
6
6
6
6
6
5
5
5
5
4
4
4
4
4
4
4
4
4
4
4
4
4
4
4
5
5
5
5
5
5
6
6
6
6
5
5
5
5
4
4
4
4
0
0
0
0
1
1
1
1
3
6
7
7
18
18
25
31
38
40
74
74
111
129
124
89
57
57
39
17
3
0
12
12
